(kicad_pcb (version 20171130) (host pcbnew "(5.1.9)-1")

  (general
    (thickness 1.6)
    (drawings 0)
    (tracks 253)
    (zones 0)
    (modules 35)
    (nets 25)
  )

  (page A4)
  (title_block
    (title DistortionOne)
    (date 2020-06-03)
    (rev v1.0)
    (comment 1 "Eduardo Contreras")
  )

  (layers
    (0 F.Cu signal)
    (31 B.Cu signal)
    (32 B.Adhes user)
    (33 F.Adhes user)
    (34 B.Paste user)
    (35 F.Paste user)
    (36 B.SilkS user)
    (37 F.SilkS user)
    (38 B.Mask user)
    (39 F.Mask user)
    (40 Dwgs.User user)
    (41 Cmts.User user)
    (42 Eco1.User user)
    (43 Eco2.User user)
    (44 Edge.Cuts user)
    (45 Margin user)
    (46 B.CrtYd user)
    (47 F.CrtYd user)
    (48 B.Fab user hide)
    (49 F.Fab user hide)
  )

  (setup
    (last_trace_width 0.5)
    (user_trace_width 0.25)
    (user_trace_width 0.3)
    (user_trace_width 0.5)
    (trace_clearance 0.2)
    (zone_clearance 0.508)
    (zone_45_only no)
    (trace_min 0.2)
    (via_size 0.8)
    (via_drill 0.4)
    (via_min_size 0.4)
    (via_min_drill 0.3)
    (uvia_size 0.3)
    (uvia_drill 0.1)
    (uvias_allowed no)
    (uvia_min_size 0.2)
    (uvia_min_drill 0.1)
    (edge_width 0.05)
    (segment_width 0.2)
    (pcb_text_width 0.3)
    (pcb_text_size 1.5 1.5)
    (mod_edge_width 0.12)
    (mod_text_size 1 1)
    (mod_text_width 0.15)
    (pad_size 1.524 1.524)
    (pad_drill 0.762)
    (pad_to_mask_clearance 0.051)
    (solder_mask_min_width 0.25)
    (aux_axis_origin 0 0)
    (grid_origin 193.326 39.12)
    (visible_elements 7FFFFFFF)
    (pcbplotparams
      (layerselection 0x010fc_ffffffff)
      (usegerberextensions false)
      (usegerberattributes false)
      (usegerberadvancedattributes false)
      (creategerberjobfile false)
      (excludeedgelayer true)
      (linewidth 0.100000)
      (plotframeref false)
      (viasonmask false)
      (mode 1)
      (useauxorigin false)
      (hpglpennumber 1)
      (hpglpenspeed 20)
      (hpglpendiameter 15.000000)
      (psnegative false)
      (psa4output false)
      (plotreference true)
      (plotvalue true)
      (plotinvisibletext false)
      (padsonsilk false)
      (subtractmaskfromsilk false)
      (outputformat 1)
      (mirror false)
      (drillshape 0)
      (scaleselection 1)
      (outputdirectory "gerberDistortionOneV1/"))
  )

  (net 0 "")
  (net 1 GND)
  (net 2 +12V)
  (net 3 "Net-(C2-Pad1)")
  (net 4 "Net-(C3-Pad2)")
  (net 5 "Net-(J2-Pad1)")
  (net 6 "Net-(J3-Pad1)")
  (net 7 +6V)
  (net 8 "Net-(C5-Pad1)")
  (net 9 "Net-(D3-Pad1)")
  (net 10 "Net-(D6-Pad1)")
  (net 11 "Net-(R11-Pad2)")
  (net 12 /bypass)
  (net 13 "Net-(C2-Pad2)")
  (net 14 "Net-(C4-Pad2)")
  (net 15 "Net-(C5-Pad2)")
  (net 16 "Net-(C6-Pad1)")
  (net 17 "Net-(C8-Pad2)")
  (net 18 "Net-(C9-Pad2)")
  (net 19 "Net-(R4-Pad2)")
  (net 20 "Net-(R7-Pad1)")
  (net 21 "Net-(R7-Pad2)")
  (net 22 "Net-(RV5-Pad2)")
  (net 23 "Net-(RV5-Pad1)")
  (net 24 "Net-(Sw1-Pad4)")

  (net_class Default "Esta es la clase de red por defecto."
    (clearance 0.2)
    (trace_width 0.2)
    (via_dia 0.8)
    (via_drill 0.4)
    (uvia_dia 0.3)
    (uvia_drill 0.1)
    (add_net +12V)
    (add_net +6V)
    (add_net /bypass)
    (add_net GND)
    (add_net "Net-(C2-Pad1)")
    (add_net "Net-(C2-Pad2)")
    (add_net "Net-(C3-Pad2)")
    (add_net "Net-(C4-Pad2)")
    (add_net "Net-(C5-Pad1)")
    (add_net "Net-(C5-Pad2)")
    (add_net "Net-(C6-Pad1)")
    (add_net "Net-(C8-Pad2)")
    (add_net "Net-(C9-Pad2)")
    (add_net "Net-(D3-Pad1)")
    (add_net "Net-(D6-Pad1)")
    (add_net "Net-(J2-Pad1)")
    (add_net "Net-(J3-Pad1)")
    (add_net "Net-(R11-Pad2)")
    (add_net "Net-(R4-Pad2)")
    (add_net "Net-(R7-Pad1)")
    (add_net "Net-(R7-Pad2)")
    (add_net "Net-(RV5-Pad1)")
    (add_net "Net-(RV5-Pad2)")
    (add_net "Net-(Sw1-Pad4)")
  )

  (net_class vcc ""
    (clearance 0.2)
    (trace_width 0.5)
    (via_dia 0.8)
    (via_drill 0.4)
    (uvia_dia 0.3)
    (uvia_drill 0.1)
  )

  (module Diode_SMD:D_SOD-523 (layer F.Cu) (tedit 586419F0) (tstamp 60053D22)
    (at 197.517 37.596)
    (descr "http://www.diodes.com/datasheets/ap02001.pdf p.144")
    (tags "Diode SOD523")
    (path /5EDD7029)
    (attr smd)
    (fp_text reference D5 (at 0 -1.3) (layer F.SilkS)
      (effects (font (size 1 1) (thickness 0.15)))
    )
    (fp_text value 1n4148 (at 0 1.4) (layer F.Fab)
      (effects (font (size 1 1) (thickness 0.15)))
    )
    (fp_line (start -1.15 -0.6) (end -1.15 0.6) (layer F.SilkS) (width 0.12))
    (fp_line (start 1.25 -0.7) (end 1.25 0.7) (layer F.CrtYd) (width 0.05))
    (fp_line (start -1.25 -0.7) (end 1.25 -0.7) (layer F.CrtYd) (width 0.05))
    (fp_line (start -1.25 0.7) (end -1.25 -0.7) (layer F.CrtYd) (width 0.05))
    (fp_line (start 1.25 0.7) (end -1.25 0.7) (layer F.CrtYd) (width 0.05))
    (fp_line (start 0.1 0) (end 0.25 0) (layer F.Fab) (width 0.1))
    (fp_line (start 0.1 -0.2) (end -0.2 0) (layer F.Fab) (width 0.1))
    (fp_line (start 0.1 0.2) (end 0.1 -0.2) (layer F.Fab) (width 0.1))
    (fp_line (start -0.2 0) (end 0.1 0.2) (layer F.Fab) (width 0.1))
    (fp_line (start -0.2 0) (end -0.35 0) (layer F.Fab) (width 0.1))
    (fp_line (start -0.2 0.2) (end -0.2 -0.2) (layer F.Fab) (width 0.1))
    (fp_line (start 0.65 -0.45) (end 0.65 0.45) (layer F.Fab) (width 0.1))
    (fp_line (start -0.65 -0.45) (end 0.65 -0.45) (layer F.Fab) (width 0.1))
    (fp_line (start -0.65 0.45) (end -0.65 -0.45) (layer F.Fab) (width 0.1))
    (fp_line (start 0.65 0.45) (end -0.65 0.45) (layer F.Fab) (width 0.1))
    (fp_line (start 0.7 -0.6) (end -1.15 -0.6) (layer F.SilkS) (width 0.12))
    (fp_line (start 0.7 0.6) (end -1.15 0.6) (layer F.SilkS) (width 0.12))
    (fp_text user %R (at 0 -1.3) (layer F.Fab)
      (effects (font (size 1 1) (thickness 0.15)))
    )
    (pad 1 smd rect (at -0.7 0 180) (size 0.6 0.7) (layers F.Cu F.Paste F.Mask)
      (net 1 GND))
    (pad 2 smd rect (at 0.7 0 180) (size 0.6 0.7) (layers F.Cu F.Paste F.Mask)
      (net 16 "Net-(C6-Pad1)"))
    (model ${KISYS3DMOD}/Diode_SMD.3dshapes/D_SOD-523.wrl
      (at (xyz 0 0 0))
      (scale (xyz 1 1 1))
      (rotate (xyz 0 0 0))
    )
  )

  (module Distorsion1:FS57003PLT2B2M2QE (layer F.Cu) (tedit 0) (tstamp 60055E8F)
    (at 159.29 37.322 180)
    (descr FS57003PLT2B2M2QE)
    (tags Switch)
    (path /5EE26CFA)
    (fp_text reference Sw1 (at -8.9 6.675 90) (layer F.SilkS)
      (effects (font (size 1 1) (thickness 0.15)))
    )
    (fp_text value Footswitch (at 0 0) (layer F.SilkS) hide
      (effects (font (size 1.27 1.27) (thickness 0.254)))
    )
    (fp_line (start -9.8 -8.8) (end 9.8 -8.8) (layer F.Fab) (width 0.2))
    (fp_line (start 9.8 -8.8) (end 9.8 8.2) (layer F.Fab) (width 0.2))
    (fp_line (start 9.8 8.2) (end -9.8 8.2) (layer F.Fab) (width 0.2))
    (fp_line (start -9.8 8.2) (end -9.8 -8.8) (layer F.Fab) (width 0.2))
    (fp_line (start -9.8 -8.8) (end 9.8 -8.8) (layer F.SilkS) (width 0.1))
    (fp_line (start 9.8 -8.8) (end 9.8 8.2) (layer F.SilkS) (width 0.1))
    (fp_line (start 9.8 8.2) (end -9.8 8.2) (layer F.SilkS) (width 0.1))
    (fp_line (start -9.8 8.2) (end -9.8 -8.8) (layer F.SilkS) (width 0.1))
    (fp_line (start -10.8 -9.8) (end 10.8 -9.8) (layer F.CrtYd) (width 0.1))
    (fp_line (start 10.8 -9.8) (end 10.8 9.8) (layer F.CrtYd) (width 0.1))
    (fp_line (start 10.8 9.8) (end -10.8 9.8) (layer F.CrtYd) (width 0.1))
    (fp_line (start -10.8 9.8) (end -10.8 -9.8) (layer F.CrtYd) (width 0.1))
    (fp_line (start -5.4 8.7) (end -5.4 8.7) (layer F.SilkS) (width 0.2))
    (fp_line (start -5.2 8.7) (end -5.2 8.7) (layer F.SilkS) (width 0.2))
    (fp_text user %R (at 0 0) (layer F.Fab)
      (effects (font (size 1.27 1.27) (thickness 0.254)))
    )
    (fp_arc (start -5.3 8.7) (end -5.4 8.7) (angle 180) (layer F.SilkS) (width 0.2))
    (fp_arc (start -5.3 8.7) (end -5.2 8.7) (angle 180) (layer F.SilkS) (width 0.2))
    (pad 1 thru_hole circle (at -5.3 4.5 180) (size 1.8 1.8) (drill 1.2) (layers *.Cu *.Mask)
      (net 12 /bypass))
    (pad 2 thru_hole circle (at -5.3 -0.3 180) (size 1.8 1.8) (drill 1.2) (layers *.Cu *.Mask)
      (net 5 "Net-(J2-Pad1)"))
    (pad 3 thru_hole circle (at -5.3 -5.1 180) (size 1.8 1.8) (drill 1.2) (layers *.Cu *.Mask)
      (net 13 "Net-(C2-Pad2)"))
    (pad 4 thru_hole circle (at 0 4.5 180) (size 1.8 1.8) (drill 1.2) (layers *.Cu *.Mask)
      (net 24 "Net-(Sw1-Pad4)"))
    (pad 5 thru_hole circle (at 0 -0.3 180) (size 1.8 1.8) (drill 1.2) (layers *.Cu *.Mask)
      (net 11 "Net-(R11-Pad2)"))
    (pad 6 thru_hole circle (at 0 -5.1 180) (size 1.8 1.8) (drill 1.2) (layers *.Cu *.Mask)
      (net 10 "Net-(D6-Pad1)"))
    (pad 7 thru_hole circle (at 5.3 4.5 180) (size 1.8 1.8) (drill 1.2) (layers *.Cu *.Mask)
      (net 12 /bypass))
    (pad 8 thru_hole circle (at 5.3 -0.3 180) (size 1.8 1.8) (drill 1.2) (layers *.Cu *.Mask)
      (net 6 "Net-(J3-Pad1)"))
    (pad 9 thru_hole circle (at 5.3 -5.1 180) (size 1.8 1.8) (drill 1.2) (layers *.Cu *.Mask)
      (net 22 "Net-(RV5-Pad2)"))
    (model "C:\\Users\\Eduardo Contreras\\Documents\\ElectronicCats\\Hw\\ElectronicCats-KiCad-Libraries\\mouser\\SamacSys_Parts.3dshapes\\FS57003PLT2B2M2QE.stp"
      (at (xyz 0 0 0))
      (scale (xyz 1 1 1))
      (rotate (xyz 0 0 0))
    )
  )

  (module Distorsion1:NYS2162U (layer F.Cu) (tedit 0) (tstamp 60053D7E)
    (at 152.94 92.46)
    (descr NYS2162-U-4)
    (tags Connector)
    (path /5ED87E3F)
    (fp_text reference J2 (at 17.225 0.65) (layer F.SilkS)
      (effects (font (size 1 1) (thickness 0.15)))
    )
    (fp_text value IN (at 20.45 -18.325) (layer F.SilkS)
      (effects (font (size 1 1) (thickness 0.15)))
    )
    (fp_line (start 25.35 -3.25) (end 23.35 -3.25) (layer F.SilkS) (width 0.1))
    (fp_line (start 25.35 -13.25) (end 25.35 -3.25) (layer F.SilkS) (width 0.1))
    (fp_line (start 23.35 -13.25) (end 25.35 -13.25) (layer F.SilkS) (width 0.1))
    (fp_line (start 23.35 -2.25) (end 22.35 -2.25) (layer F.SilkS) (width 0.1))
    (fp_line (start 23.35 -14.25) (end 23.35 -2.25) (layer F.SilkS) (width 0.1))
    (fp_line (start 22.35 -14.25) (end 23.35 -14.25) (layer F.SilkS) (width 0.1))
    (fp_line (start 22.35 0.75) (end 18.6 0.75) (layer F.SilkS) (width 0.1))
    (fp_line (start 22.35 -17.25) (end 22.35 0.75) (layer F.SilkS) (width 0.1))
    (fp_line (start 18.6 -17.25) (end 22.35 -17.25) (layer F.SilkS) (width 0.1))
    (fp_line (start 25.35 -3.25) (end 23.35 -3.25) (layer F.Fab) (width 0.2))
    (fp_line (start 25.35 -13.25) (end 25.35 -3.25) (layer F.Fab) (width 0.2))
    (fp_line (start 23.35 -13.25) (end 25.35 -13.25) (layer F.Fab) (width 0.2))
    (fp_line (start 23.35 -2.25) (end 22.35 -2.25) (layer F.Fab) (width 0.2))
    (fp_line (start 23.35 -14.25) (end 23.35 -2.25) (layer F.Fab) (width 0.2))
    (fp_line (start 22.35 -14.25) (end 23.35 -14.25) (layer F.Fab) (width 0.2))
    (fp_line (start 22.35 0.75) (end 18.6 0.75) (layer F.Fab) (width 0.2))
    (fp_line (start 22.35 -17.25) (end 22.35 0.75) (layer F.Fab) (width 0.2))
    (fp_line (start 18.6 -17.25) (end 22.35 -17.25) (layer F.Fab) (width 0.2))
    (fp_line (start -6.9 2.75) (end -6.9 -19.25) (layer F.CrtYd) (width 0.1))
    (fp_line (start 26.35 2.75) (end -6.9 2.75) (layer F.CrtYd) (width 0.1))
    (fp_line (start 26.35 -19.25) (end 26.35 2.75) (layer F.CrtYd) (width 0.1))
    (fp_line (start -6.9 -19.25) (end 26.35 -19.25) (layer F.CrtYd) (width 0.1))
    (fp_line (start -5.9 1.75) (end -5.9 -18.25) (layer F.SilkS) (width 0.1))
    (fp_line (start 18.6 1.75) (end -5.9 1.75) (layer F.SilkS) (width 0.1))
    (fp_line (start 18.6 -18.25) (end 18.6 1.75) (layer F.SilkS) (width 0.1))
    (fp_line (start -5.9 -18.25) (end 18.6 -18.25) (layer F.SilkS) (width 0.1))
    (fp_line (start -5.9 1.75) (end -5.9 -18.25) (layer F.Fab) (width 0.2))
    (fp_line (start 18.6 1.75) (end -5.9 1.75) (layer F.Fab) (width 0.2))
    (fp_line (start 18.6 -18.25) (end 18.6 1.75) (layer F.Fab) (width 0.2))
    (fp_line (start -5.9 -18.25) (end 18.6 -18.25) (layer F.Fab) (width 0.2))
    (fp_text user %R (at 9.725 -8.25) (layer F.Fab)
      (effects (font (size 1.27 1.27) (thickness 0.254)))
    )
    (pad 4 thru_hole circle (at 0 -16.5) (size 2.25 2.25) (drill 1.5) (layers *.Cu *.Mask))
    (pad 3 thru_hole circle (at 12.7 -16.5) (size 2.25 2.25) (drill 1.5) (layers *.Cu *.Mask))
    (pad 2 thru_hole circle (at 12.7 0) (size 2.25 2.25) (drill 1.5) (layers *.Cu *.Mask)
      (net 1 GND))
    (pad 1 thru_hole circle (at 0 0) (size 2.25 2.25) (drill 1.5) (layers *.Cu *.Mask)
      (net 5 "Net-(J2-Pad1)"))
  )

  (module Capacitor_SMD:C_0805_2012Metric_Pad1.18x1.45mm_HandSolder (layer F.Cu) (tedit 5F68FEEF) (tstamp 60053C25)
    (at 175.038 32.262)
    (descr "Capacitor SMD 0805 (2012 Metric), square (rectangular) end terminal, IPC_7351 nominal with elongated pad for handsoldering. (Body size source: IPC-SM-782 page 76, https://www.pcb-3d.com/wordpress/wp-content/uploads/ipc-sm-782a_amendment_1_and_2.pdf, https://docs.google.com/spreadsheets/d/1BsfQQcO9C6DZCsRaXUlFlo91Tg2WpOkGARC1WS5S8t0/edit?usp=sharing), generated with kicad-footprint-generator")
    (tags "capacitor handsolder")
    (path /5EDCFD93)
    (attr smd)
    (fp_text reference C1 (at 2.794 1.27) (layer F.SilkS)
      (effects (font (size 1 1) (thickness 0.15)))
    )
    (fp_text value 47uF (at 0 1.68) (layer F.Fab)
      (effects (font (size 1 1) (thickness 0.15)))
    )
    (fp_line (start -1 0.625) (end -1 -0.625) (layer F.Fab) (width 0.1))
    (fp_line (start -1 -0.625) (end 1 -0.625) (layer F.Fab) (width 0.1))
    (fp_line (start 1 -0.625) (end 1 0.625) (layer F.Fab) (width 0.1))
    (fp_line (start 1 0.625) (end -1 0.625) (layer F.Fab) (width 0.1))
    (fp_line (start -0.261252 -0.735) (end 0.261252 -0.735) (layer F.SilkS) (width 0.12))
    (fp_line (start -0.261252 0.735) (end 0.261252 0.735) (layer F.SilkS) (width 0.12))
    (fp_line (start -1.88 0.98) (end -1.88 -0.98) (layer F.CrtYd) (width 0.05))
    (fp_line (start -1.88 -0.98) (end 1.88 -0.98) (layer F.CrtYd) (width 0.05))
    (fp_line (start 1.88 -0.98) (end 1.88 0.98) (layer F.CrtYd) (width 0.05))
    (fp_line (start 1.88 0.98) (end -1.88 0.98) (layer F.CrtYd) (width 0.05))
    (fp_text user %R (at 0 0) (layer F.Fab)
      (effects (font (size 0.5 0.5) (thickness 0.08)))
    )
    (pad 2 smd roundrect (at 1.0375 0) (size 1.175 1.45) (layers F.Cu F.Paste F.Mask) (roundrect_rratio 0.212766)
      (net 1 GND))
    (pad 1 smd roundrect (at -1.0375 0) (size 1.175 1.45) (layers F.Cu F.Paste F.Mask) (roundrect_rratio 0.212766)
      (net 2 +12V))
    (model ${KISYS3DMOD}/Capacitor_SMD.3dshapes/C_0805_2012Metric.wrl
      (at (xyz 0 0 0))
      (scale (xyz 1 1 1))
      (rotate (xyz 0 0 0))
    )
  )

  (module Capacitor_SMD:C_0805_2012Metric_Pad1.18x1.45mm_HandSolder (layer F.Cu) (tedit 5F68FEEF) (tstamp 60053C36)
    (at 176.562 44.9405 270)
    (descr "Capacitor SMD 0805 (2012 Metric), square (rectangular) end terminal, IPC_7351 nominal with elongated pad for handsoldering. (Body size source: IPC-SM-782 page 76, https://www.pcb-3d.com/wordpress/wp-content/uploads/ipc-sm-782a_amendment_1_and_2.pdf, https://docs.google.com/spreadsheets/d/1BsfQQcO9C6DZCsRaXUlFlo91Tg2WpOkGARC1WS5S8t0/edit?usp=sharing), generated with kicad-footprint-generator")
    (tags "capacitor handsolder")
    (path /5ED89C24)
    (attr smd)
    (fp_text reference C2 (at -3.0265 0 90) (layer F.SilkS)
      (effects (font (size 1 1) (thickness 0.15)))
    )
    (fp_text value 22nF (at 0 1.68 90) (layer F.Fab)
      (effects (font (size 1 1) (thickness 0.15)))
    )
    (fp_line (start 1.88 0.98) (end -1.88 0.98) (layer F.CrtYd) (width 0.05))
    (fp_line (start 1.88 -0.98) (end 1.88 0.98) (layer F.CrtYd) (width 0.05))
    (fp_line (start -1.88 -0.98) (end 1.88 -0.98) (layer F.CrtYd) (width 0.05))
    (fp_line (start -1.88 0.98) (end -1.88 -0.98) (layer F.CrtYd) (width 0.05))
    (fp_line (start -0.261252 0.735) (end 0.261252 0.735) (layer F.SilkS) (width 0.12))
    (fp_line (start -0.261252 -0.735) (end 0.261252 -0.735) (layer F.SilkS) (width 0.12))
    (fp_line (start 1 0.625) (end -1 0.625) (layer F.Fab) (width 0.1))
    (fp_line (start 1 -0.625) (end 1 0.625) (layer F.Fab) (width 0.1))
    (fp_line (start -1 -0.625) (end 1 -0.625) (layer F.Fab) (width 0.1))
    (fp_line (start -1 0.625) (end -1 -0.625) (layer F.Fab) (width 0.1))
    (fp_text user %R (at 0 0 90) (layer F.Fab)
      (effects (font (size 0.5 0.5) (thickness 0.08)))
    )
    (pad 1 smd roundrect (at -1.0375 0 270) (size 1.175 1.45) (layers F.Cu F.Paste F.Mask) (roundrect_rratio 0.212766)
      (net 3 "Net-(C2-Pad1)"))
    (pad 2 smd roundrect (at 1.0375 0 270) (size 1.175 1.45) (layers F.Cu F.Paste F.Mask) (roundrect_rratio 0.212766)
      (net 13 "Net-(C2-Pad2)"))
    (model ${KISYS3DMOD}/Capacitor_SMD.3dshapes/C_0805_2012Metric.wrl
      (at (xyz 0 0 0))
      (scale (xyz 1 1 1))
      (rotate (xyz 0 0 0))
    )
  )

  (module Capacitor_SMD:C_0805_2012Metric_Pad1.18x1.45mm_HandSolder (layer F.Cu) (tedit 5F68FEEF) (tstamp 60053C47)
    (at 180.626 49.026)
    (descr "Capacitor SMD 0805 (2012 Metric), square (rectangular) end terminal, IPC_7351 nominal with elongated pad for handsoldering. (Body size source: IPC-SM-782 page 76, https://www.pcb-3d.com/wordpress/wp-content/uploads/ipc-sm-782a_amendment_1_and_2.pdf, https://docs.google.com/spreadsheets/d/1BsfQQcO9C6DZCsRaXUlFlo91Tg2WpOkGARC1WS5S8t0/edit?usp=sharing), generated with kicad-footprint-generator")
    (tags "capacitor handsolder")
    (path /5EDDBD2F)
    (attr smd)
    (fp_text reference C3 (at 3.048 -2.54) (layer F.SilkS)
      (effects (font (size 1 1) (thickness 0.15)))
    )
    (fp_text value 1nF (at 0 1.68) (layer F.Fab)
      (effects (font (size 1 1) (thickness 0.15)))
    )
    (fp_line (start 1.88 0.98) (end -1.88 0.98) (layer F.CrtYd) (width 0.05))
    (fp_line (start 1.88 -0.98) (end 1.88 0.98) (layer F.CrtYd) (width 0.05))
    (fp_line (start -1.88 -0.98) (end 1.88 -0.98) (layer F.CrtYd) (width 0.05))
    (fp_line (start -1.88 0.98) (end -1.88 -0.98) (layer F.CrtYd) (width 0.05))
    (fp_line (start -0.261252 0.735) (end 0.261252 0.735) (layer F.SilkS) (width 0.12))
    (fp_line (start -0.261252 -0.735) (end 0.261252 -0.735) (layer F.SilkS) (width 0.12))
    (fp_line (start 1 0.625) (end -1 0.625) (layer F.Fab) (width 0.1))
    (fp_line (start 1 -0.625) (end 1 0.625) (layer F.Fab) (width 0.1))
    (fp_line (start -1 -0.625) (end 1 -0.625) (layer F.Fab) (width 0.1))
    (fp_line (start -1 0.625) (end -1 -0.625) (layer F.Fab) (width 0.1))
    (fp_text user %R (at 0 0) (layer F.Fab)
      (effects (font (size 0.5 0.5) (thickness 0.08)))
    )
    (pad 1 smd roundrect (at -1.0375 0) (size 1.175 1.45) (layers F.Cu F.Paste F.Mask) (roundrect_rratio 0.212766)
      (net 1 GND))
    (pad 2 smd roundrect (at 1.0375 0) (size 1.175 1.45) (layers F.Cu F.Paste F.Mask) (roundrect_rratio 0.212766)
      (net 4 "Net-(C3-Pad2)"))
    (model ${KISYS3DMOD}/Capacitor_SMD.3dshapes/C_0805_2012Metric.wrl
      (at (xyz 0 0 0))
      (scale (xyz 1 1 1))
      (rotate (xyz 0 0 0))
    )
  )

  (module Capacitor_SMD:C_0805_2012Metric_Pad1.18x1.45mm_HandSolder (layer F.Cu) (tedit 5F68FEEF) (tstamp 60053C58)
    (at 180.499 63.504)
    (descr "Capacitor SMD 0805 (2012 Metric), square (rectangular) end terminal, IPC_7351 nominal with elongated pad for handsoldering. (Body size source: IPC-SM-782 page 76, https://www.pcb-3d.com/wordpress/wp-content/uploads/ipc-sm-782a_amendment_1_and_2.pdf, https://docs.google.com/spreadsheets/d/1BsfQQcO9C6DZCsRaXUlFlo91Tg2WpOkGARC1WS5S8t0/edit?usp=sharing), generated with kicad-footprint-generator")
    (tags "capacitor handsolder")
    (path /5FC6C037)
    (attr smd)
    (fp_text reference C4 (at 3.302 -0.381) (layer F.SilkS)
      (effects (font (size 1 1) (thickness 0.15)))
    )
    (fp_text value 100nF (at 0 1.68) (layer F.Fab)
      (effects (font (size 1 1) (thickness 0.15)))
    )
    (fp_line (start -1 0.625) (end -1 -0.625) (layer F.Fab) (width 0.1))
    (fp_line (start -1 -0.625) (end 1 -0.625) (layer F.Fab) (width 0.1))
    (fp_line (start 1 -0.625) (end 1 0.625) (layer F.Fab) (width 0.1))
    (fp_line (start 1 0.625) (end -1 0.625) (layer F.Fab) (width 0.1))
    (fp_line (start -0.261252 -0.735) (end 0.261252 -0.735) (layer F.SilkS) (width 0.12))
    (fp_line (start -0.261252 0.735) (end 0.261252 0.735) (layer F.SilkS) (width 0.12))
    (fp_line (start -1.88 0.98) (end -1.88 -0.98) (layer F.CrtYd) (width 0.05))
    (fp_line (start -1.88 -0.98) (end 1.88 -0.98) (layer F.CrtYd) (width 0.05))
    (fp_line (start 1.88 -0.98) (end 1.88 0.98) (layer F.CrtYd) (width 0.05))
    (fp_line (start 1.88 0.98) (end -1.88 0.98) (layer F.CrtYd) (width 0.05))
    (fp_text user %R (at 0 0) (layer F.Fab)
      (effects (font (size 0.5 0.5) (thickness 0.08)))
    )
    (pad 2 smd roundrect (at 1.0375 0) (size 1.175 1.45) (layers F.Cu F.Paste F.Mask) (roundrect_rratio 0.212766)
      (net 14 "Net-(C4-Pad2)"))
    (pad 1 smd roundrect (at -1.0375 0) (size 1.175 1.45) (layers F.Cu F.Paste F.Mask) (roundrect_rratio 0.212766)
      (net 1 GND))
    (model ${KISYS3DMOD}/Capacitor_SMD.3dshapes/C_0805_2012Metric.wrl
      (at (xyz 0 0 0))
      (scale (xyz 1 1 1))
      (rotate (xyz 0 0 0))
    )
  )

  (module Capacitor_SMD:C_0805_2012Metric_Pad1.18x1.45mm_HandSolder (layer F.Cu) (tedit 5F68FEEF) (tstamp 60053C69)
    (at 187.4625 51.312 180)
    (descr "Capacitor SMD 0805 (2012 Metric), square (rectangular) end terminal, IPC_7351 nominal with elongated pad for handsoldering. (Body size source: IPC-SM-782 page 76, https://www.pcb-3d.com/wordpress/wp-content/uploads/ipc-sm-782a_amendment_1_and_2.pdf, https://docs.google.com/spreadsheets/d/1BsfQQcO9C6DZCsRaXUlFlo91Tg2WpOkGARC1WS5S8t0/edit?usp=sharing), generated with kicad-footprint-generator")
    (tags "capacitor handsolder")
    (path /5EE4162A)
    (attr smd)
    (fp_text reference C5 (at 0 -1.68) (layer F.SilkS)
      (effects (font (size 1 1) (thickness 0.15)))
    )
    (fp_text value 100pF (at 0 1.68) (layer F.Fab)
      (effects (font (size 1 1) (thickness 0.15)))
    )
    (fp_line (start -1 0.625) (end -1 -0.625) (layer F.Fab) (width 0.1))
    (fp_line (start -1 -0.625) (end 1 -0.625) (layer F.Fab) (width 0.1))
    (fp_line (start 1 -0.625) (end 1 0.625) (layer F.Fab) (width 0.1))
    (fp_line (start 1 0.625) (end -1 0.625) (layer F.Fab) (width 0.1))
    (fp_line (start -0.261252 -0.735) (end 0.261252 -0.735) (layer F.SilkS) (width 0.12))
    (fp_line (start -0.261252 0.735) (end 0.261252 0.735) (layer F.SilkS) (width 0.12))
    (fp_line (start -1.88 0.98) (end -1.88 -0.98) (layer F.CrtYd) (width 0.05))
    (fp_line (start -1.88 -0.98) (end 1.88 -0.98) (layer F.CrtYd) (width 0.05))
    (fp_line (start 1.88 -0.98) (end 1.88 0.98) (layer F.CrtYd) (width 0.05))
    (fp_line (start 1.88 0.98) (end -1.88 0.98) (layer F.CrtYd) (width 0.05))
    (fp_text user %R (at 0 0) (layer F.Fab)
      (effects (font (size 0.5 0.5) (thickness 0.08)))
    )
    (pad 2 smd roundrect (at 1.0375 0 180) (size 1.175 1.45) (layers F.Cu F.Paste F.Mask) (roundrect_rratio 0.212766)
      (net 15 "Net-(C5-Pad2)"))
    (pad 1 smd roundrect (at -1.0375 0 180) (size 1.175 1.45) (layers F.Cu F.Paste F.Mask) (roundrect_rratio 0.212766)
      (net 8 "Net-(C5-Pad1)"))
    (model ${KISYS3DMOD}/Capacitor_SMD.3dshapes/C_0805_2012Metric.wrl
      (at (xyz 0 0 0))
      (scale (xyz 1 1 1))
      (rotate (xyz 0 0 0))
    )
  )

  (module Capacitor_Tantalum_SMD:CP_EIA-3216-18_Kemet-A_Pad1.58x1.35mm_HandSolder (layer F.Cu) (tedit 5EBA9318) (tstamp 60053C7C)
    (at 180.88 51.566)
    (descr "Tantalum Capacitor SMD Kemet-A (3216-18 Metric), IPC_7351 nominal, (Body size from: http://www.kemet.com/Lists/ProductCatalog/Attachments/253/KEM_TC101_STD.pdf), generated with kicad-footprint-generator")
    (tags "capacitor tantalum")
    (path /5ED8BDA6)
    (attr smd)
    (fp_text reference C6 (at -3.302 1.905) (layer F.SilkS)
      (effects (font (size 1 1) (thickness 0.15)))
    )
    (fp_text value 1uF (at 0 1.75) (layer F.Fab)
      (effects (font (size 1 1) (thickness 0.15)))
    )
    (fp_line (start 1.6 -0.8) (end -1.2 -0.8) (layer F.Fab) (width 0.1))
    (fp_line (start -1.2 -0.8) (end -1.6 -0.4) (layer F.Fab) (width 0.1))
    (fp_line (start -1.6 -0.4) (end -1.6 0.8) (layer F.Fab) (width 0.1))
    (fp_line (start -1.6 0.8) (end 1.6 0.8) (layer F.Fab) (width 0.1))
    (fp_line (start 1.6 0.8) (end 1.6 -0.8) (layer F.Fab) (width 0.1))
    (fp_line (start 1.6 -0.935) (end -2.485 -0.935) (layer F.SilkS) (width 0.12))
    (fp_line (start -2.485 -0.935) (end -2.485 0.935) (layer F.SilkS) (width 0.12))
    (fp_line (start -2.485 0.935) (end 1.6 0.935) (layer F.SilkS) (width 0.12))
    (fp_line (start -2.48 1.05) (end -2.48 -1.05) (layer F.CrtYd) (width 0.05))
    (fp_line (start -2.48 -1.05) (end 2.48 -1.05) (layer F.CrtYd) (width 0.05))
    (fp_line (start 2.48 -1.05) (end 2.48 1.05) (layer F.CrtYd) (width 0.05))
    (fp_line (start 2.48 1.05) (end -2.48 1.05) (layer F.CrtYd) (width 0.05))
    (fp_text user %R (at 0 0) (layer F.Fab)
      (effects (font (size 0.8 0.8) (thickness 0.12)))
    )
    (pad 2 smd roundrect (at 1.4375 0) (size 1.575 1.35) (layers F.Cu F.Paste F.Mask) (roundrect_rratio 0.185185)
      (net 15 "Net-(C5-Pad2)"))
    (pad 1 smd roundrect (at -1.4375 0) (size 1.575 1.35) (layers F.Cu F.Paste F.Mask) (roundrect_rratio 0.185185)
      (net 16 "Net-(C6-Pad1)"))
    (model ${KISYS3DMOD}/Capacitor_Tantalum_SMD.3dshapes/CP_EIA-3216-18_Kemet-A.wrl
      (at (xyz 0 0 0))
      (scale (xyz 1 1 1))
      (rotate (xyz 0 0 0))
    )
  )

  (module Capacitor_SMD:C_0805_2012Metric_Pad1.18x1.45mm_HandSolder (layer F.Cu) (tedit 5F68FEEF) (tstamp 60053C8D)
    (at 180.8585 54.36)
    (descr "Capacitor SMD 0805 (2012 Metric), square (rectangular) end terminal, IPC_7351 nominal with elongated pad for handsoldering. (Body size source: IPC-SM-782 page 76, https://www.pcb-3d.com/wordpress/wp-content/uploads/ipc-sm-782a_amendment_1_and_2.pdf, https://docs.google.com/spreadsheets/d/1BsfQQcO9C6DZCsRaXUlFlo91Tg2WpOkGARC1WS5S8t0/edit?usp=sharing), generated with kicad-footprint-generator")
    (tags "capacitor handsolder")
    (path /5EEA0806)
    (attr smd)
    (fp_text reference C7 (at 3.1965 0) (layer F.SilkS)
      (effects (font (size 1 1) (thickness 0.15)))
    )
    (fp_text value 1uF (at 0 1.68) (layer F.Fab)
      (effects (font (size 1 1) (thickness 0.15)))
    )
    (fp_line (start -1 0.625) (end -1 -0.625) (layer F.Fab) (width 0.1))
    (fp_line (start -1 -0.625) (end 1 -0.625) (layer F.Fab) (width 0.1))
    (fp_line (start 1 -0.625) (end 1 0.625) (layer F.Fab) (width 0.1))
    (fp_line (start 1 0.625) (end -1 0.625) (layer F.Fab) (width 0.1))
    (fp_line (start -0.261252 -0.735) (end 0.261252 -0.735) (layer F.SilkS) (width 0.12))
    (fp_line (start -0.261252 0.735) (end 0.261252 0.735) (layer F.SilkS) (width 0.12))
    (fp_line (start -1.88 0.98) (end -1.88 -0.98) (layer F.CrtYd) (width 0.05))
    (fp_line (start -1.88 -0.98) (end 1.88 -0.98) (layer F.CrtYd) (width 0.05))
    (fp_line (start 1.88 -0.98) (end 1.88 0.98) (layer F.CrtYd) (width 0.05))
    (fp_line (start 1.88 0.98) (end -1.88 0.98) (layer F.CrtYd) (width 0.05))
    (fp_text user %R (at 0 0) (layer F.Fab)
      (effects (font (size 0.5 0.5) (thickness 0.08)))
    )
    (pad 2 smd roundrect (at 1.0375 0) (size 1.175 1.45) (layers F.Cu F.Paste F.Mask) (roundrect_rratio 0.212766)
      (net 15 "Net-(C5-Pad2)"))
    (pad 1 smd roundrect (at -1.0375 0) (size 1.175 1.45) (layers F.Cu F.Paste F.Mask) (roundrect_rratio 0.212766)
      (net 16 "Net-(C6-Pad1)"))
    (model ${KISYS3DMOD}/Capacitor_SMD.3dshapes/C_0805_2012Metric.wrl
      (at (xyz 0 0 0))
      (scale (xyz 1 1 1))
      (rotate (xyz 0 0 0))
    )
  )

  (module Capacitor_SMD:C_0805_2012Metric_Pad1.18x1.45mm_HandSolder (layer F.Cu) (tedit 5F68FEEF) (tstamp 60053C9E)
    (at 180.88 57.027)
    (descr "Capacitor SMD 0805 (2012 Metric), square (rectangular) end terminal, IPC_7351 nominal with elongated pad for handsoldering. (Body size source: IPC-SM-782 page 76, https://www.pcb-3d.com/wordpress/wp-content/uploads/ipc-sm-782a_amendment_1_and_2.pdf, https://docs.google.com/spreadsheets/d/1BsfQQcO9C6DZCsRaXUlFlo91Tg2WpOkGARC1WS5S8t0/edit?usp=sharing), generated with kicad-footprint-generator")
    (tags "capacitor handsolder")
    (path /5EE1A1D6)
    (attr smd)
    (fp_text reference C8 (at 3.048 0) (layer F.SilkS)
      (effects (font (size 1 1) (thickness 0.15)))
    )
    (fp_text value 4.7nF (at 0 1.68) (layer F.Fab)
      (effects (font (size 1 1) (thickness 0.15)))
    )
    (fp_line (start 1.88 0.98) (end -1.88 0.98) (layer F.CrtYd) (width 0.05))
    (fp_line (start 1.88 -0.98) (end 1.88 0.98) (layer F.CrtYd) (width 0.05))
    (fp_line (start -1.88 -0.98) (end 1.88 -0.98) (layer F.CrtYd) (width 0.05))
    (fp_line (start -1.88 0.98) (end -1.88 -0.98) (layer F.CrtYd) (width 0.05))
    (fp_line (start -0.261252 0.735) (end 0.261252 0.735) (layer F.SilkS) (width 0.12))
    (fp_line (start -0.261252 -0.735) (end 0.261252 -0.735) (layer F.SilkS) (width 0.12))
    (fp_line (start 1 0.625) (end -1 0.625) (layer F.Fab) (width 0.1))
    (fp_line (start 1 -0.625) (end 1 0.625) (layer F.Fab) (width 0.1))
    (fp_line (start -1 -0.625) (end 1 -0.625) (layer F.Fab) (width 0.1))
    (fp_line (start -1 0.625) (end -1 -0.625) (layer F.Fab) (width 0.1))
    (fp_text user %R (at 0 0) (layer F.Fab)
      (effects (font (size 0.5 0.5) (thickness 0.08)))
    )
    (pad 1 smd roundrect (at -1.0375 0) (size 1.175 1.45) (layers F.Cu F.Paste F.Mask) (roundrect_rratio 0.212766)
      (net 16 "Net-(C6-Pad1)"))
    (pad 2 smd roundrect (at 1.0375 0) (size 1.175 1.45) (layers F.Cu F.Paste F.Mask) (roundrect_rratio 0.212766)
      (net 17 "Net-(C8-Pad2)"))
    (model ${KISYS3DMOD}/Capacitor_SMD.3dshapes/C_0805_2012Metric.wrl
      (at (xyz 0 0 0))
      (scale (xyz 1 1 1))
      (rotate (xyz 0 0 0))
    )
  )

  (module Capacitor_SMD:C_0805_2012Metric_Pad1.18x1.45mm_HandSolder (layer F.Cu) (tedit 5F68FEEF) (tstamp 60053CAF)
    (at 193.199 33.151)
    (descr "Capacitor SMD 0805 (2012 Metric), square (rectangular) end terminal, IPC_7351 nominal with elongated pad for handsoldering. (Body size source: IPC-SM-782 page 76, https://www.pcb-3d.com/wordpress/wp-content/uploads/ipc-sm-782a_amendment_1_and_2.pdf, https://docs.google.com/spreadsheets/d/1BsfQQcO9C6DZCsRaXUlFlo91Tg2WpOkGARC1WS5S8t0/edit?usp=sharing), generated with kicad-footprint-generator")
    (tags "capacitor handsolder")
    (path /5EE26A33)
    (attr smd)
    (fp_text reference C9 (at 0 -1.68) (layer F.SilkS)
      (effects (font (size 1 1) (thickness 0.15)))
    )
    (fp_text value 10nF (at 0 1.68) (layer F.Fab)
      (effects (font (size 1 1) (thickness 0.15)))
    )
    (fp_line (start -1 0.625) (end -1 -0.625) (layer F.Fab) (width 0.1))
    (fp_line (start -1 -0.625) (end 1 -0.625) (layer F.Fab) (width 0.1))
    (fp_line (start 1 -0.625) (end 1 0.625) (layer F.Fab) (width 0.1))
    (fp_line (start 1 0.625) (end -1 0.625) (layer F.Fab) (width 0.1))
    (fp_line (start -0.261252 -0.735) (end 0.261252 -0.735) (layer F.SilkS) (width 0.12))
    (fp_line (start -0.261252 0.735) (end 0.261252 0.735) (layer F.SilkS) (width 0.12))
    (fp_line (start -1.88 0.98) (end -1.88 -0.98) (layer F.CrtYd) (width 0.05))
    (fp_line (start -1.88 -0.98) (end 1.88 -0.98) (layer F.CrtYd) (width 0.05))
    (fp_line (start 1.88 -0.98) (end 1.88 0.98) (layer F.CrtYd) (width 0.05))
    (fp_line (start 1.88 0.98) (end -1.88 0.98) (layer F.CrtYd) (width 0.05))
    (fp_text user %R (at 0 0) (layer F.Fab)
      (effects (font (size 0.5 0.5) (thickness 0.08)))
    )
    (pad 2 smd roundrect (at 1.0375 0) (size 1.175 1.45) (layers F.Cu F.Paste F.Mask) (roundrect_rratio 0.212766)
      (net 18 "Net-(C9-Pad2)"))
    (pad 1 smd roundrect (at -1.0375 0) (size 1.175 1.45) (layers F.Cu F.Paste F.Mask) (roundrect_rratio 0.212766)
      (net 1 GND))
    (model ${KISYS3DMOD}/Capacitor_SMD.3dshapes/C_0805_2012Metric.wrl
      (at (xyz 0 0 0))
      (scale (xyz 1 1 1))
      (rotate (xyz 0 0 0))
    )
  )

  (module Diode_SMD:D_SOD-523 (layer F.Cu) (tedit 586419F0) (tstamp 60053CC7)
    (at 187.484 49.28)
    (descr "http://www.diodes.com/datasheets/ap02001.pdf p.144")
    (tags "Diode SOD523")
    (path /5EDB2C53)
    (attr smd)
    (fp_text reference D1 (at 2.286 0) (layer F.SilkS)
      (effects (font (size 1 1) (thickness 0.15)))
    )
    (fp_text value 1n4148 (at 0 1.4) (layer F.Fab)
      (effects (font (size 1 1) (thickness 0.15)))
    )
    (fp_line (start 0.7 0.6) (end -1.15 0.6) (layer F.SilkS) (width 0.12))
    (fp_line (start 0.7 -0.6) (end -1.15 -0.6) (layer F.SilkS) (width 0.12))
    (fp_line (start 0.65 0.45) (end -0.65 0.45) (layer F.Fab) (width 0.1))
    (fp_line (start -0.65 0.45) (end -0.65 -0.45) (layer F.Fab) (width 0.1))
    (fp_line (start -0.65 -0.45) (end 0.65 -0.45) (layer F.Fab) (width 0.1))
    (fp_line (start 0.65 -0.45) (end 0.65 0.45) (layer F.Fab) (width 0.1))
    (fp_line (start -0.2 0.2) (end -0.2 -0.2) (layer F.Fab) (width 0.1))
    (fp_line (start -0.2 0) (end -0.35 0) (layer F.Fab) (width 0.1))
    (fp_line (start -0.2 0) (end 0.1 0.2) (layer F.Fab) (width 0.1))
    (fp_line (start 0.1 0.2) (end 0.1 -0.2) (layer F.Fab) (width 0.1))
    (fp_line (start 0.1 -0.2) (end -0.2 0) (layer F.Fab) (width 0.1))
    (fp_line (start 0.1 0) (end 0.25 0) (layer F.Fab) (width 0.1))
    (fp_line (start 1.25 0.7) (end -1.25 0.7) (layer F.CrtYd) (width 0.05))
    (fp_line (start -1.25 0.7) (end -1.25 -0.7) (layer F.CrtYd) (width 0.05))
    (fp_line (start -1.25 -0.7) (end 1.25 -0.7) (layer F.CrtYd) (width 0.05))
    (fp_line (start 1.25 -0.7) (end 1.25 0.7) (layer F.CrtYd) (width 0.05))
    (fp_line (start -1.15 -0.6) (end -1.15 0.6) (layer F.SilkS) (width 0.12))
    (fp_text user %R (at 0 -1.3) (layer F.Fab)
      (effects (font (size 1 1) (thickness 0.15)))
    )
    (pad 2 smd rect (at 0.7 0 180) (size 0.6 0.7) (layers F.Cu F.Paste F.Mask)
      (net 8 "Net-(C5-Pad1)"))
    (pad 1 smd rect (at -0.7 0 180) (size 0.6 0.7) (layers F.Cu F.Paste F.Mask)
      (net 15 "Net-(C5-Pad2)"))
    (model ${KISYS3DMOD}/Diode_SMD.3dshapes/D_SOD-523.wrl
      (at (xyz 0 0 0))
      (scale (xyz 1 1 1))
      (rotate (xyz 0 0 0))
    )
  )

  (module Diode_SMD:D_SOD-523 (layer F.Cu) (tedit 586419F0) (tstamp 60053CDF)
    (at 187.484 47.502 180)
    (descr "http://www.diodes.com/datasheets/ap02001.pdf p.144")
    (tags "Diode SOD523")
    (path /5EDC43EE)
    (attr smd)
    (fp_text reference D2 (at -2.286 0) (layer F.SilkS)
      (effects (font (size 1 1) (thickness 0.15)))
    )
    (fp_text value 1n4148 (at 0 1.4) (layer F.Fab)
      (effects (font (size 1 1) (thickness 0.15)))
    )
    (fp_line (start -1.15 -0.6) (end -1.15 0.6) (layer F.SilkS) (width 0.12))
    (fp_line (start 1.25 -0.7) (end 1.25 0.7) (layer F.CrtYd) (width 0.05))
    (fp_line (start -1.25 -0.7) (end 1.25 -0.7) (layer F.CrtYd) (width 0.05))
    (fp_line (start -1.25 0.7) (end -1.25 -0.7) (layer F.CrtYd) (width 0.05))
    (fp_line (start 1.25 0.7) (end -1.25 0.7) (layer F.CrtYd) (width 0.05))
    (fp_line (start 0.1 0) (end 0.25 0) (layer F.Fab) (width 0.1))
    (fp_line (start 0.1 -0.2) (end -0.2 0) (layer F.Fab) (width 0.1))
    (fp_line (start 0.1 0.2) (end 0.1 -0.2) (layer F.Fab) (width 0.1))
    (fp_line (start -0.2 0) (end 0.1 0.2) (layer F.Fab) (width 0.1))
    (fp_line (start -0.2 0) (end -0.35 0) (layer F.Fab) (width 0.1))
    (fp_line (start -0.2 0.2) (end -0.2 -0.2) (layer F.Fab) (width 0.1))
    (fp_line (start 0.65 -0.45) (end 0.65 0.45) (layer F.Fab) (width 0.1))
    (fp_line (start -0.65 -0.45) (end 0.65 -0.45) (layer F.Fab) (width 0.1))
    (fp_line (start -0.65 0.45) (end -0.65 -0.45) (layer F.Fab) (width 0.1))
    (fp_line (start 0.65 0.45) (end -0.65 0.45) (layer F.Fab) (width 0.1))
    (fp_line (start 0.7 -0.6) (end -1.15 -0.6) (layer F.SilkS) (width 0.12))
    (fp_line (start 0.7 0.6) (end -1.15 0.6) (layer F.SilkS) (width 0.12))
    (fp_text user %R (at 0 -1.3) (layer F.Fab)
      (effects (font (size 1 1) (thickness 0.15)))
    )
    (pad 1 smd rect (at -0.7 0) (size 0.6 0.7) (layers F.Cu F.Paste F.Mask)
      (net 8 "Net-(C5-Pad1)"))
    (pad 2 smd rect (at 0.7 0) (size 0.6 0.7) (layers F.Cu F.Paste F.Mask)
      (net 15 "Net-(C5-Pad2)"))
    (model ${KISYS3DMOD}/Diode_SMD.3dshapes/D_SOD-523.wrl
      (at (xyz 0 0 0))
      (scale (xyz 1 1 1))
      (rotate (xyz 0 0 0))
    )
  )

  (module LED_SMD:LED_0805_2012Metric_Pad1.15x1.40mm_HandSolder (layer B.Cu) (tedit 5F68FEF1) (tstamp 60053CF2)
    (at 180.88 32.008 180)
    (descr "LED SMD 0805 (2012 Metric), square (rectangular) end terminal, IPC_7351 nominal, (Body size source: https://docs.google.com/spreadsheets/d/1BsfQQcO9C6DZCsRaXUlFlo91Tg2WpOkGARC1WS5S8t0/edit?usp=sharing), generated with kicad-footprint-generator")
    (tags "LED handsolder")
    (path /5EEDE03A)
    (attr smd)
    (fp_text reference D3 (at -3.048 0) (layer B.SilkS)
      (effects (font (size 1 1) (thickness 0.15)) (justify mirror))
    )
    (fp_text value ON (at 0 -1.65) (layer B.Fab)
      (effects (font (size 1 1) (thickness 0.15)) (justify mirror))
    )
    (fp_line (start 1.85 -0.95) (end -1.85 -0.95) (layer B.CrtYd) (width 0.05))
    (fp_line (start 1.85 0.95) (end 1.85 -0.95) (layer B.CrtYd) (width 0.05))
    (fp_line (start -1.85 0.95) (end 1.85 0.95) (layer B.CrtYd) (width 0.05))
    (fp_line (start -1.85 -0.95) (end -1.85 0.95) (layer B.CrtYd) (width 0.05))
    (fp_line (start -1.86 -0.96) (end 1 -0.96) (layer B.SilkS) (width 0.12))
    (fp_line (start -1.86 0.96) (end -1.86 -0.96) (layer B.SilkS) (width 0.12))
    (fp_line (start 1 0.96) (end -1.86 0.96) (layer B.SilkS) (width 0.12))
    (fp_line (start 1 -0.6) (end 1 0.6) (layer B.Fab) (width 0.1))
    (fp_line (start -1 -0.6) (end 1 -0.6) (layer B.Fab) (width 0.1))
    (fp_line (start -1 0.3) (end -1 -0.6) (layer B.Fab) (width 0.1))
    (fp_line (start -0.7 0.6) (end -1 0.3) (layer B.Fab) (width 0.1))
    (fp_line (start 1 0.6) (end -0.7 0.6) (layer B.Fab) (width 0.1))
    (fp_text user %R (at 0 0) (layer B.Fab)
      (effects (font (size 0.5 0.5) (thickness 0.08)) (justify mirror))
    )
    (pad 1 smd roundrect (at -1.025 0 180) (size 1.15 1.4) (layers B.Cu B.Paste B.Mask) (roundrect_rratio 0.217391)
      (net 9 "Net-(D3-Pad1)"))
    (pad 2 smd roundrect (at 1.025 0 180) (size 1.15 1.4) (layers B.Cu B.Paste B.Mask) (roundrect_rratio 0.217391)
      (net 2 +12V))
    (model ${KISYS3DMOD}/LED_SMD.3dshapes/LED_0805_2012Metric.wrl
      (at (xyz 0 0 0))
      (scale (xyz 1 1 1))
      (rotate (xyz 0 0 0))
    )
  )

  (module Diode_SMD:D_SOD-523 (layer F.Cu) (tedit 586419F0) (tstamp 60053D0A)
    (at 197.644 35.056 180)
    (descr "http://www.diodes.com/datasheets/ap02001.pdf p.144")
    (tags "Diode SOD523")
    (path /5EDD701F)
    (attr smd)
    (fp_text reference D4 (at 0 -1.3) (layer F.SilkS)
      (effects (font (size 1 1) (thickness 0.15)))
    )
    (fp_text value 1n4148 (at 0 1.4) (layer F.Fab)
      (effects (font (size 1 1) (thickness 0.15)))
    )
    (fp_line (start 0.7 0.6) (end -1.15 0.6) (layer F.SilkS) (width 0.12))
    (fp_line (start 0.7 -0.6) (end -1.15 -0.6) (layer F.SilkS) (width 0.12))
